Psub;Pins;Pomi
0.856;0.100;0.100
#Une ligne par symbole de reference; une colonne par symbole de test
	;2;9;@;e;E;o;O;a;i;u;y;a~;o~;e~;H;w;j;R;l;p;t;k;b;d;g;f;s;S;v;z;Z;m;n;J
2;0.495;0.001;0.175;0.049;0.001;0.001;0.010;0.019;0.001;0.001;0.019;0.001;0.001;0.001;0.001;0.001;0.010;0.010;0.010;0.001;0.010;0.010;0.001;0.001;0.001;0.010;0.010;0.001;0.001;0.001;0.001;0.001;0.001;0.001
9;0.001;0.560;0.036;0.024;0.024;0.036;0.001;0.001;0.024;0.001;0.001;0.001;0.001;0.001;0.001;0.001;0.012;0.001;0.012;0.001;0.001;0.012;0.001;0.001;0.001;0.001;0.001;0.001;0.001;0.001;0.001;0.012;0.001;0.001
@;0.040;0.007;0.373;0.042;0.009;0.022;0.016;0.027;0.002;0.018;0.004;0.007;0.011;0.002;0.001;0.001;0.001;0.013;0.011;0.001;0.002;0.007;0.001;0.002;0.001;0.002;0.002;0.001;0.004;0.001;0.001;0.001;0.002;0.001
e;0.003;0.001;0.013;0.698;0.038;0.001;0.004;0.018;0.018;0.004;0.016;0.003;0.001;0.003;0.001;0.001;0.003;0.010;0.013;0.003;0.007;0.005;0.001;0.005;0.001;0.001;0.003;0.001;0.002;0.001;0.002;0.001;0.003;0.001
E;0.001;0.003;0.006;0.081;0.668;0.002;0.001;0.035;0.014;0.002;0.003;0.002;0.001;0.003;0.001;0.001;0.001;0.001;0.012;0.003;0.006;0.002;0.001;0.001;0.001;0.001;0.002;0.001;0.001;0.001;0.001;0.002;0.002;0.001
o;0.001;0.007;0.022;0.002;0.002;0.665;0.062;0.022;0.001;0.029;0.002;0.011;0.011;0.002;0.001;0.001;0.001;0.015;0.004;0.001;0.001;0.004;0.001;0.002;0.002;0.002;0.007;0.001;0.001;0.001;0.001;0.004;0.004;0.001
O;0.003;0.001;0.024;0.020;0.001;0.095;0.584;0.014;0.010;0.014;0.007;0.010;0.014;0.003;0.001;0.001;0.001;0.014;0.010;0.001;0.001;0.003;0.001;0.001;0.001;0.001;0.001;0.001;0.001;0.001;0.001;0.003;0.001;0.001
a;0.001;0.001;0.007;0.016;0.014;0.006;0.002;0.743;0.003;0.002;0.004;0.009;0.003;0.027;0.001;0.001;0.001;0.011;0.003;0.001;0.004;0.001;0.001;0.002;0.001;0.001;0.001;0.001;0.002;0.002;0.001;0.002;0.001;0.001
i;0.001;0.002;0.001;0.024;0.008;0.001;0.003;0.005;0.754;0.005;0.013;0.001;0.001;0.003;0.001;0.001;0.011;0.005;0.004;0.001;0.004;0.001;0.001;0.001;0.001;0.001;0.004;0.001;0.001;0.005;0.001;0.001;0.001;0.001
u;0.001;0.001;0.017;0.013;0.002;0.028;0.009;0.006;0.013;0.704;0.002;0.006;0.009;0.004;0.001;0.002;0.002;0.006;0.006;0.001;0.002;0.002;0.002;0.001;0.002;0.002;0.001;0.001;0.004;0.002;0.002;0.002;0.002;0.001
y;0.005;0.001;0.005;0.053;0.005;0.002;0.005;0.014;0.033;0.002;0.649;0.001;0.001;0.002;0.001;0.001;0.001;0.002;0.009;0.001;0.002;0.007;0.001;0.001;0.002;0.001;0.002;0.001;0.001;0.007;0.005;0.002;0.001;0.001
a~;0.001;0.001;0.005;0.007;0.002;0.008;0.005;0.025;0.001;0.005;0.001;0.743;0.046;0.010;0.001;0.003;0.001;0.028;0.003;0.002;0.003;0.003;0.002;0.003;0.001;0.001;0.001;0.001;0.001;0.002;0.001;0.001;0.003;0.001
o~;0.001;0.001;0.012;0.001;0.001;0.012;0.009;0.012;0.001;0.009;0.001;0.066;0.728;0.007;0.001;0.007;0.001;0.019;0.002;0.002;0.002;0.001;0.001;0.002;0.001;0.001;0.005;0.001;0.005;0.001;0.001;0.007;0.005;0.001
e~;0.001;0.001;0.002;0.012;0.005;0.002;0.002;0.109;0.007;0.005;0.002;0.014;0.007;0.638;0.001;0.001;0.005;0.022;0.012;0.005;0.001;0.010;0.002;0.002;0.001;0.001;0.001;0.001;0.005;0.001;0.001;0.010;0.005;0.001
H;0.001;0.001;0.001;0.001;0.001;0.001;0.001;0.001;0.014;0.001;0.001;0.001;0.001;0.001;0.622;0.001;0.001;0.001;0.001;0.001;0.027;0.001;0.014;0.014;0.001;0.014;0.001;0.014;0.001;0.001;0.001;0.014;0.001;0.001
w;0.001;0.001;0.001;0.004;0.001;0.001;0.001;0.001;0.001;0.004;0.001;0.008;0.012;0.001;0.001;0.711;0.001;0.016;0.004;0.008;0.004;0.001;0.004;0.001;0.004;0.001;0.001;0.001;0.012;0.008;0.001;0.004;0.001;0.001
j;0.003;0.003;0.001;0.015;0.001;0.001;0.001;0.001;0.036;0.003;0.001;0.001;0.001;0.006;0.001;0.001;0.690;0.001;0.015;0.003;0.009;0.006;0.001;0.012;0.001;0.001;0.003;0.003;0.006;0.009;0.001;0.003;0.003;0.001
R;0.001;0.001;0.004;0.009;0.001;0.005;0.003;0.012;0.003;0.002;0.001;0.011;0.005;0.006;0.001;0.003;0.001;0.791;0.012;0.001;0.001;0.005;0.003;0.001;0.001;0.003;0.003;0.001;0.004;0.001;0.001;0.003;0.001;0.001
l;0.001;0.001;0.004;0.016;0.007;0.002;0.003;0.004;0.003;0.003;0.003;0.002;0.001;0.004;0.001;0.001;0.004;0.016;0.613;0.003;0.007;0.002;0.003;0.023;0.003;0.002;0.006;0.001;0.009;0.011;0.003;0.012;0.016;0.001
p;0.001;0.001;0.001;0.008;0.003;0.001;0.001;0.001;0.001;0.001;0.001;0.002;0.002;0.003;0.001;0.003;0.002;0.003;0.007;0.673;0.018;0.011;0.002;0.003;0.001;0.002;0.001;0.001;0.005;0.003;0.001;0.007;0.003;0.001
t;0.001;0.001;0.001;0.011;0.004;0.001;0.001;0.008;0.004;0.001;0.001;0.002;0.001;0.001;0.002;0.001;0.003;0.001;0.009;0.012;0.697;0.015;0.001;0.020;0.002;0.002;0.006;0.001;0.004;0.001;0.001;0.002;0.003;0.001
k;0.001;0.001;0.004;0.010;0.001;0.003;0.001;0.001;0.001;0.001;0.004;0.003;0.001;0.006;0.001;0.001;0.003;0.010;0.003;0.010;0.018;0.701;0.001;0.006;0.004;0.001;0.003;0.001;0.004;0.003;0.003;0.003;0.001;0.001
b;0.001;0.001;0.001;0.005;0.001;0.001;0.001;0.005;0.005;0.005;0.001;0.005;0.001;0.005;0.005;0.005;0.001;0.018;0.014;0.005;0.005;0.001;0.653;0.001;0.001;0.001;0.001;0.001;0.014;0.001;0.001;0.023;0.005;0.001
d;0.001;0.001;0.001;0.009;0.001;0.001;0.001;0.005;0.001;0.001;0.001;0.003;0.001;0.001;0.001;0.001;0.005;0.003;0.034;0.003;0.023;0.005;0.001;0.596;0.004;0.001;0.004;0.001;0.005;0.005;0.001;0.005;0.011;0.001
g;0.001;0.001;0.001;0.013;0.001;0.007;0.001;0.007;0.001;0.007;0.007;0.001;0.001;0.001;0.001;0.007;0.001;0.007;0.020;0.001;0.013;0.020;0.001;0.020;0.570;0.001;0.001;0.001;0.001;0.001;0.001;0.001;0.013;0.001
f;0.003;0.001;0.003;0.001;0.001;0.003;0.001;0.003;0.001;0.003;0.001;0.001;0.001;0.001;0.003;0.001;0.001;0.015;0.006;0.003;0.006;0.003;0.001;0.003;0.001;0.689;0.030;0.001;0.033;0.015;0.006;0.009;0.001;0.001
s;0.001;0.001;0.001;0.005;0.001;0.003;0.001;0.002;0.004;0.001;0.001;0.001;0.002;0.001;0.001;0.001;0.001;0.005;0.007;0.001;0.005;0.002;0.001;0.003;0.001;0.010;0.786;0.002;0.002;0.034;0.001;0.002;0.001;0.001
S;0.001;0.001;0.001;0.001;0.001;0.001;0.001;0.001;0.001;0.001;0.001;0.001;0.001;0.001;0.012;0.001;0.012;0.012;0.001;0.001;0.001;0.001;0.001;0.001;0.001;0.001;0.024;0.788;0.001;0.012;0.012;0.001;0.001;0.001
v;0.001;0.001;0.004;0.006;0.001;0.001;0.001;0.006;0.002;0.004;0.001;0.001;0.004;0.004;0.001;0.006;0.004;0.011;0.018;0.006;0.007;0.006;0.006;0.007;0.001;0.020;0.004;0.001;0.589;0.004;0.001;0.013;0.004;0.001
z;0.001;0.001;0.001;0.005;0.001;0.001;0.001;0.011;0.013;0.003;0.008;0.003;0.001;0.001;0.001;0.005;0.008;0.005;0.035;0.005;0.003;0.005;0.001;0.011;0.001;0.013;0.094;0.003;0.005;0.561;0.011;0.001;0.003;0.001
Z;0.001;0.001;0.001;0.015;0.001;0.001;0.001;0.005;0.005;0.005;0.010;0.001;0.001;0.001;0.001;0.001;0.001;0.001;0.015;0.001;0.001;0.010;0.001;0.001;0.001;0.010;0.005;0.005;0.001;0.020;0.713;0.005;0.005;0.001
m;0.001;0.002;0.001;0.003;0.002;0.003;0.002;0.006;0.001;0.002;0.002;0.001;0.005;0.006;0.002;0.002;0.002;0.006;0.021;0.006;0.003;0.003;0.008;0.006;0.001;0.005;0.003;0.001;0.011;0.001;0.002;0.751;0.015;0.001
n;0.001;0.001;0.002;0.009;0.002;0.004;0.001;0.004;0.002;0.002;0.001;0.004;0.004;0.004;0.001;0.001;0.002;0.002;0.035;0.004;0.006;0.001;0.002;0.017;0.004;0.001;0.002;0.001;0.004;0.002;0.002;0.018;0.728;0.001
J;0.001;0.001;0.001;0.001;0.001;0.001;0.001;0.001;0.001;0.001;0.001;0.001;0.001;0.001;0.001;0.001;0.001;0.077;0.001;0.001;0.001;0.001;0.001;0.077;0.001;0.001;0.001;0.001;0.001;0.001;0.001;0.001;0.001;0.462
Proba insertions...
<ins>;0.003;0.006;0.059;0.054;0.018;0.011;0.011;0.048;0.038;0.014;0.016;0.016;0.008;0.004;0.008;0.008;0.025;0.060;0.066;0.005;0.059;0.026;0.004;0.015;0.003;0.004;0.025;0.001;0.010;0.029;0.003;0.015;0.016;0.001