Psub;Pins;Pomi
0.800;0.100;0.100
#Une ligne par symbole de reference; une colonne par symbole de test
  ;2;9;@;e;E;o;O;a;i;u;y;a~;o~;e~;H;w;j;R;l;p;t;k;b;d;g;f;s;S;v;z;Z;m;n;J
2;0.967;0.001;0.001;0.001;0.001;0.001;0.001;0.001;0.001;0.001;0.001;0.001;0.001;0.001;0.001;0.001;0.001;0.001;0.001;0.001;0.001;0.001;0.001;0.001;0.001;0.001;0.001;0.001;0.001;0.001;0.001;0.001;0.001;0.001
9;0.001;0.967;0.001;0.001;0.001;0.001;0.001;0.001;0.001;0.001;0.001;0.001;0.001;0.001;0.001;0.001;0.001;0.001;0.001;0.001;0.001;0.001;0.001;0.001;0.001;0.001;0.001;0.001;0.001;0.001;0.001;0.001;0.001;0.001
@;0.001;0.001;0.967;0.001;0.001;0.001;0.001;0.001;0.001;0.001;0.001;0.001;0.001;0.001;0.001;0.001;0.001;0.001;0.001;0.001;0.001;0.001;0.001;0.001;0.001;0.001;0.001;0.001;0.001;0.001;0.001;0.001;0.001;0.001
e;0.001;0.001;0.001;0.967;0.001;0.001;0.001;0.001;0.001;0.001;0.001;0.001;0.001;0.001;0.001;0.001;0.001;0.001;0.001;0.001;0.001;0.001;0.001;0.001;0.001;0.001;0.001;0.001;0.001;0.001;0.001;0.001;0.001;0.001
E;0.001;0.001;0.001;0.001;0.967;0.001;0.001;0.001;0.001;0.001;0.001;0.001;0.001;0.001;0.001;0.001;0.001;0.001;0.001;0.001;0.001;0.001;0.001;0.001;0.001;0.001;0.001;0.001;0.001;0.001;0.001;0.001;0.001;0.001
o;0.001;0.001;0.001;0.001;0.001;0.967;0.001;0.001;0.001;0.001;0.001;0.001;0.001;0.001;0.001;0.001;0.001;0.001;0.001;0.001;0.001;0.001;0.001;0.001;0.001;0.001;0.001;0.001;0.001;0.001;0.001;0.001;0.001;0.001
O;0.001;0.001;0.001;0.001;0.001;0.001;0.967;0.001;0.001;0.001;0.001;0.001;0.001;0.001;0.001;0.001;0.001;0.001;0.001;0.001;0.001;0.001;0.001;0.001;0.001;0.001;0.001;0.001;0.001;0.001;0.001;0.001;0.001;0.001
a;0.001;0.001;0.001;0.001;0.001;0.001;0.001;0.967;0.001;0.001;0.001;0.001;0.001;0.001;0.001;0.001;0.001;0.001;0.001;0.001;0.001;0.001;0.001;0.001;0.001;0.001;0.001;0.001;0.001;0.001;0.001;0.001;0.001;0.001
i;0.001;0.001;0.001;0.001;0.001;0.001;0.001;0.001;0.967;0.001;0.001;0.001;0.001;0.001;0.001;0.001;0.001;0.001;0.001;0.001;0.001;0.001;0.001;0.001;0.001;0.001;0.001;0.001;0.001;0.001;0.001;0.001;0.001;0.001
u;0.001;0.001;0.001;0.001;0.001;0.001;0.001;0.001;0.001;0.967;0.001;0.001;0.001;0.001;0.001;0.001;0.001;0.001;0.001;0.001;0.001;0.001;0.001;0.001;0.001;0.001;0.001;0.001;0.001;0.001;0.001;0.001;0.001;0.001
y;0.001;0.001;0.001;0.001;0.001;0.001;0.001;0.001;0.001;0.001;0.967;0.001;0.001;0.001;0.001;0.001;0.001;0.001;0.001;0.001;0.001;0.001;0.001;0.001;0.001;0.001;0.001;0.001;0.001;0.001;0.001;0.001;0.001;0.001
a~;0.001;0.001;0.001;0.001;0.001;0.001;0.001;0.001;0.001;0.001;0.001;0.967;0.001;0.001;0.001;0.001;0.001;0.001;0.001;0.001;0.001;0.001;0.001;0.001;0.001;0.001;0.001;0.001;0.001;0.001;0.001;0.001;0.001;0.001
o~;0.001;0.001;0.001;0.001;0.001;0.001;0.001;0.001;0.001;0.001;0.001;0.001;0.967;0.001;0.001;0.001;0.001;0.001;0.001;0.001;0.001;0.001;0.001;0.001;0.001;0.001;0.001;0.001;0.001;0.001;0.001;0.001;0.001;0.001
e~;0.001;0.001;0.001;0.001;0.001;0.001;0.001;0.001;0.001;0.001;0.001;0.001;0.001;0.967;0.001;0.001;0.001;0.001;0.001;0.001;0.001;0.001;0.001;0.001;0.001;0.001;0.001;0.001;0.001;0.001;0.001;0.001;0.001;0.001
H;0.001;0.001;0.001;0.001;0.001;0.001;0.001;0.001;0.001;0.001;0.001;0.001;0.001;0.001;0.967;0.001;0.001;0.001;0.001;0.001;0.001;0.001;0.001;0.001;0.001;0.001;0.001;0.001;0.001;0.001;0.001;0.001;0.001;0.001
w;0.001;0.001;0.001;0.001;0.001;0.001;0.001;0.001;0.001;0.001;0.001;0.001;0.001;0.001;0.001;0.967;0.001;0.001;0.001;0.001;0.001;0.001;0.001;0.001;0.001;0.001;0.001;0.001;0.001;0.001;0.001;0.001;0.001;0.001
j;0.001;0.001;0.001;0.001;0.001;0.001;0.001;0.001;0.001;0.001;0.001;0.001;0.001;0.001;0.001;0.001;0.967;0.001;0.001;0.001;0.001;0.001;0.001;0.001;0.001;0.001;0.001;0.001;0.001;0.001;0.001;0.001;0.001;0.001
R;0.001;0.001;0.001;0.001;0.001;0.001;0.001;0.001;0.001;0.001;0.001;0.001;0.001;0.001;0.001;0.001;0.001;0.967;0.001;0.001;0.001;0.001;0.001;0.001;0.001;0.001;0.001;0.001;0.001;0.001;0.001;0.001;0.001;0.001
l;0.001;0.001;0.001;0.001;0.001;0.001;0.001;0.001;0.001;0.001;0.001;0.001;0.001;0.001;0.001;0.001;0.001;0.001;0.967;0.001;0.001;0.001;0.001;0.001;0.001;0.001;0.001;0.001;0.001;0.001;0.001;0.001;0.001;0.001
p;0.001;0.001;0.001;0.001;0.001;0.001;0.001;0.001;0.001;0.001;0.001;0.001;0.001;0.001;0.001;0.001;0.001;0.001;0.001;0.967;0.001;0.001;0.001;0.001;0.001;0.001;0.001;0.001;0.001;0.001;0.001;0.001;0.001;0.001
t;0.001;0.001;0.001;0.001;0.001;0.001;0.001;0.001;0.001;0.001;0.001;0.001;0.001;0.001;0.001;0.001;0.001;0.001;0.001;0.001;0.967;0.001;0.001;0.001;0.001;0.001;0.001;0.001;0.001;0.001;0.001;0.001;0.001;0.001
k;0.001;0.001;0.001;0.001;0.001;0.001;0.001;0.001;0.001;0.001;0.001;0.001;0.001;0.001;0.001;0.001;0.001;0.001;0.001;0.001;0.001;0.967;0.001;0.001;0.001;0.001;0.001;0.001;0.001;0.001;0.001;0.001;0.001;0.001
b;0.001;0.001;0.001;0.001;0.001;0.001;0.001;0.001;0.001;0.001;0.001;0.001;0.001;0.001;0.001;0.001;0.001;0.001;0.001;0.001;0.001;0.001;0.967;0.001;0.001;0.001;0.001;0.001;0.001;0.001;0.001;0.001;0.001;0.001
d;0.001;0.001;0.001;0.001;0.001;0.001;0.001;0.001;0.001;0.001;0.001;0.001;0.001;0.001;0.001;0.001;0.001;0.001;0.001;0.001;0.001;0.001;0.001;0.967;0.001;0.001;0.001;0.001;0.001;0.001;0.001;0.001;0.001;0.001
g;0.001;0.001;0.001;0.001;0.001;0.001;0.001;0.001;0.001;0.001;0.001;0.001;0.001;0.001;0.001;0.001;0.001;0.001;0.001;0.001;0.001;0.001;0.001;0.001;0.967;0.001;0.001;0.001;0.001;0.001;0.001;0.001;0.001;0.001
f;0.001;0.001;0.001;0.001;0.001;0.001;0.001;0.001;0.001;0.001;0.001;0.001;0.001;0.001;0.001;0.001;0.001;0.001;0.001;0.001;0.001;0.001;0.001;0.001;0.001;0.967;0.001;0.001;0.001;0.001;0.001;0.001;0.001;0.001
s;0.001;0.001;0.001;0.001;0.001;0.001;0.001;0.001;0.001;0.001;0.001;0.001;0.001;0.001;0.001;0.001;0.001;0.001;0.001;0.001;0.001;0.001;0.001;0.001;0.001;0.001;0.967;0.001;0.001;0.001;0.001;0.001;0.001;0.001
S;0.001;0.001;0.001;0.001;0.001;0.001;0.001;0.001;0.001;0.001;0.001;0.001;0.001;0.001;0.001;0.001;0.001;0.001;0.001;0.001;0.001;0.001;0.001;0.001;0.001;0.001;0.001;0.967;0.001;0.001;0.001;0.001;0.001;0.001
v;0.001;0.001;0.001;0.001;0.001;0.001;0.001;0.001;0.001;0.001;0.001;0.001;0.001;0.001;0.001;0.001;0.001;0.001;0.001;0.001;0.001;0.001;0.001;0.001;0.001;0.001;0.001;0.001;0.967;0.001;0.001;0.001;0.001;0.001
z;0.001;0.001;0.001;0.001;0.001;0.001;0.001;0.001;0.001;0.001;0.001;0.001;0.001;0.001;0.001;0.001;0.001;0.001;0.001;0.001;0.001;0.001;0.001;0.001;0.001;0.001;0.001;0.001;0.001;0.967;0.001;0.001;0.001;0.001
Z;0.001;0.001;0.001;0.001;0.001;0.001;0.001;0.001;0.001;0.001;0.001;0.001;0.001;0.001;0.001;0.001;0.001;0.001;0.001;0.001;0.001;0.001;0.001;0.001;0.001;0.001;0.001;0.001;0.001;0.001;0.967;0.001;0.001;0.001
m;0.001;0.001;0.001;0.001;0.001;0.001;0.001;0.001;0.001;0.001;0.001;0.001;0.001;0.001;0.001;0.001;0.001;0.001;0.001;0.001;0.001;0.001;0.001;0.001;0.001;0.001;0.001;0.001;0.001;0.001;0.001;0.967;0.001;0.001
n;0.001;0.001;0.001;0.001;0.001;0.001;0.001;0.001;0.001;0.001;0.001;0.001;0.001;0.001;0.001;0.001;0.001;0.001;0.001;0.001;0.001;0.001;0.001;0.001;0.001;0.001;0.001;0.001;0.001;0.001;0.001;0.001;0.967;0.001
J;0.001;0.001;0.001;0.001;0.001;0.001;0.001;0.001;0.001;0.001;0.001;0.001;0.001;0.001;0.001;0.001;0.001;0.001;0.001;0.001;0.001;0.001;0.001;0.001;0.001;0.001;0.001;0.001;0.001;0.001;0.001;0.001;0.001;0.967
Proba insertions...
<ins>;0.029;0.029;0.029;0.029;0.029;0.029;0.029;0.029;0.029;0.029;0.029;0.029;0.029;0.029;0.029;0.029;0.029;0.029;0.029;0.029;0.029;0.029;0.029;0.029;0.029;0.029;0.029;0.029;0.029;0.029;0.029;0.029;0.029;0.029
